background
(-1,498) grass 1 1.000000
(50,454) tree1 1 1.000000
(127,498) grass 1 1.000000
(121,451) bush2 1 1.000000
(255,498) grass 1 1.000000
(233,197) tree2 1 1.000000
(383,498) grass 1 1.000000
(511,498) grass 1 1.000000
(246,433) bush1 1 1.000000
(639,498) grass 1 1.000000
(767,498) grass 1 1.000000
(895,498) grass 1 1.000000
(912,421) crate 1 1.000000
(875,451) bush2 1 1.000000
(932,451) bush2 1 1.000000
(514,433) bush1 1 1.000000
(-129,498) grass 1 1.000000
(-257,498) grass 1 1.000000
(-220,433) bush1 1 1.000000
(568,197) tree2 1 1.000000
(1023,498) grass 1 1.000000
(988,454) tree1 1 1.000000
(-74,433) bush1 1 1.000000
(1150,488) water 1 1.000000
(1278,486) water 1 1.000000
(1403,515) dirt 1 1.000000
(1403,387) grass 1 1.000000
(1530,511) dirt 1 1.000000
(1530,387) grass 1 1.000000
(1807,236) flyingGrass1 1 1.000000
(1934,236) flyingGrass2 1 1.000000
(2062,236) flyingGrass3 1 1.000000
(1963,-64) tree2 1 1.000000
