background
(-162,31) (0,0) dungDirtMiddle 1 2.000000 0.000000 1 0
(-3,691) (0,0) darkCrystal 1 0.700000 0.000000 1 0
(-1,331) (0,0) dungDirtRight 1 1.000000 0.000000 1 0
(0,954) (0,0) dungDirtMiddle 1 1.000000 0.000000 1 0
(0,458) (0,0) dungDirtRight 1 1.000000 0.000000 1 0
(0,579) (0,0) dungDirtRight 1 1.000000 0.000000 1 0
(0,830) (0,0) dungDirtMidLeft 1 1.000000 0.000000 1 0
(0,703) (0,0) dungDirtRight 1 1.000000 0.000000 1 0
(1,132) (0,0) dungDirtBotRight 1 1.300000 0.000000 3 0
(2,14) (0,0) sign1 1 2.599999 0.000000 2 0
(7,14) (0,0) dungDirtBotRight 1 1.000000 0.000000 1 0
(61,14) (0,0) dungDirtBotRight 1 1.000000 0.000000 0 0
(107,172) (0,0) darkCrystal 1 0.300000 0.000000 1 0
(126,826) (0,0) dungGrassRight 1 1.000000 0.000000 1 0
(127,954) (0,0) dungDirtMiddle 1 1.000000 0.000000 1 0
(144,151) (0,0) dungDirtBotRight 1 1.200000 180.000000 1 0
(144,297) (0,0) darkCrystal 1 0.400000 135.000000 1 0
(148,498) (0,0) dungGrassLeft 1 1.000000 0.000000 1 0
(186,787) (0,0) mushroom1 1 1.000000 0.000000 1 0
(255,954) (0,0) dungDirtMiddle 1 1.000000 0.000000 1 0
(276,497) (0,0) dungGrassRight 1 1.000000 0.000000 4 0
(371,915) (0,0) mushroom2 1 1.000000 0.000000 1 0
(380,954) (0,0) dungDirtMiddle 1 1.000000 0.000000 1 0
(390,910) (0,0) tree1 1 1.000000 0.000000 1 0
(440,573) (0,0) mushroom1 1 1.000000 90.000000 1 0
(505,954) (0,0) dungDirtMiddle 1 1.000000 0.000000 1 0
(562,495) (0,0) dungGrassLeft 1 1.000000 0.000000 1 0
(572,457) (0,0) mushroom2 1 1.000000 0.000000 1 0
(583,913) (0,0) mushroom1 1 1.000000 0.000000 1 0
(633,954) (0,0) dungDirtMiddle 1 1.000000 0.000000 4 0
(674,892) (0,0) darkCrystal 1 0.700000 45.000000 0 0
(689,495) (0,0) dungGrassRight 1 1.000000 0.000000 1 0
(725,957) (0,0) darkCrystal 1 1.000000 0.000000 0 0
(758,954) (0,0) dungDirtRight 1 1.000000 1.000000 1 0
(846,584) (0,0) crate 1 1.200000 320.000000 1 0
(950,307) (0,0) crate 1 1.400000 351.000000 0 0
(953,789) (0,0) tree2 1 1.000000 335.000000 4 0
(995,502) (0,0) flyingGrass1 1 1.000000 0.000000 1 0
(1010,1043) (0,0) water1 1 1.600000 315.000000 1 0
(1031,394) (0,0) crate 1 1.400000 0.000000 1 0
(1100,1022) (0,0) sign2 1 1.000000 285.000000 4 0
(1123,502) (0,0) flyingGrass2 1 1.000000 0.000000 1 0
(1159,952) (0,0) dirtLeft 1 1.000000 0.000000 4 0
(1167,902) (0,0) water1 1 1.000000 0.000000 1 0
(1232,854) (0,0) star 1 1.600000 4.000000 2 0
(1239,521) (0,0) star 1 0.300000 45.000000 0 0
(1250,502) (0,0) flyingGrass2 1 1.000000 0.000000 1 0
(1288,953) (0,0) dirtMiddle 1 1.000000 0.000000 4 0
(1295,898) (0,0) water1 1 1.000000 0.000000 1 0
(1343,449) (0,0) stone 1 1.000000 0.000000 1 0
(1378,502) (0,0) flyingGrass3 1 1.000000 0.000000 1 0
(1409,953) (0,0) dirtMiddle 1 1.000000 0.000000 4 0
(1421,895) (0,0) water1 1 1.000000 0.000000 1 0
(1501,867) (0,0) water1 1 1.000000 338.000000 0 0
(1537,954) (0,0) dirtMiddle 1 1.000000 0.000000 3 0
(1614,824) (0,0) water1 1 1.000000 333.000000 2 0
(1664,954) (0,0) dirtMiddle 1 1.000000 0.000000 3 0
(1669,905) (0,0) dirtMiddle 1 1.000000 0.000000 2 0
(1677,1027) (0,0) dirtBottomMid 1 1.000000 180.000000 3 0
(1683,386) (0,0) star 1 1.000000 0.000000 0 0
(1693,132) (0,0) crate 1 1.500000 328.000000 4 0
(1722,967) (0,0) dirtMiddle 1 1.000000 0.000000 3 0
(1725,578) (0,0) water1 1 1.000000 270.000000 1 0
(1725,324) (0,0) water1 1 1.000000 270.000000 3 0
(1726,704) (0,0) water1 1 1.000000 270.000000 1 0
(1726,451) (0,0) water1 1 1.000000 270.000000 1 0
(1727,831) (0,0) water1 1 1.000000 270.000000 1 0
(1758,172) (0,0) water1 1 1.300000 336.000000 0 0
(1791,824) (0,0) dirtLeft 1 1.000000 0.000000 3 0
(1792,952) (0,0) dirtLeft 1 1.000000 0.000000 4 0
(1795,572) (0,0) dirtLeft 1 1.000000 0.000000 1 0
(1795,699) (0,0) dirtLeft 1 1.000000 0.000000 3 0
(1795,444) (0,0) dirtLeft 1 1.000000 0.000000 1 0
(1796,315) (0,0) dirtLeft 1 1.000000 0.000000 1 0
(1797,201) (0,0) grassLeft 1 1.000000 0.000000 4 0
(1803,947) (0,0) dirtBottomMid 1 1.000000 180.000000 2 0