background
(-1528,521) dirtMiddle 1 1.000000 0.000000 2
(-1528,393) grassMiddle 1 1.000000 0.000000 1
(-1404,521) dirtMiddle 1 1.000000 0.000000 4
(-1400,393) grassMiddle 1 1.000000 0.000000 4
(-1276,490) dirtBottomLeft 1 1.000000 0.000000 3
(-1272,393) grassRight 1 1.000000 0.000000 1
(-1148,489) grassMiddle 1 1.000000 0.000000 1
(-1148,489) grassMiddle 1 1.000000 0.000000 2
(-1021,489) grassMiddle 1 1.000000 0.000000 3
(-1021,489) grassMiddle 1 1.000000 0.000000 3
(-893,489) grassMiddle 1 1.000000 0.000000 1
(-893,489) grassMiddle 1 1.000000 0.000000 1
(-765,489) grassMiddle 1 1.000000 0.000000 1
(-765,489) grassMiddle 1 1.000000 0.000000 4
(-637,490) grassMiddle 1 1.000000 0.000000 4
(-637,490) grassMiddle 1 1.000000 0.000000 3
(-533,288) flyingGrass1 1 1.000000 0.000000 1
(-509,490) grassMiddle 1 1.000000 0.000000 3
(-509,490) grassMiddle 1 1.000000 0.000000 1
(-405,288) flyingGrass2 1 1.000000 0.000000 3
(-381,489) grassMiddle 1 1.000000 0.000000 1
(-381,489) grassMiddle 1 1.000000 0.000000 3
(-277,288) flyingGrass3 1 1.000000 0.000000 1
(-253,489) grassMiddle 1 1.000000 0.000000 1
(-253,489) grassMiddle 1 1.000000 0.000000 1
(-125,489) grassMiddle 1 1.000000 0.000000 1
(-125,489) grassMiddle 1 1.000000 0.000000 1
(3,489) grassMiddle 1 1.000000 0.000000 1
(3,489) grassMiddle 1 1.000000 0.000000 1
(131,489) grassMiddle 1 1.000000 0.000000 1
(131,489) grassMiddle 1 1.000000 0.000000 1
(259,489) grassMiddle 1 1.000000 0.000000 2
(259,489) grassMiddle 1 1.000000 0.000000 1
(344,188) tree2 0 1.000000 0.000000 4
(344,188) tree2 0 1.000000 0.000000 4
(387,489) grassMiddle 1 1.000000 0.000000 3
(387,489) grassMiddle 1 1.000000 0.000000 1
(515,489) grassMiddle 1 1.000000 0.000000 1
(515,489) grassMiddle 1 1.000000 0.000000 2
(643,489) grassMiddle 1 1.000000 0.000000 4
(643,489) grassMiddle 1 1.000000 0.000000 4
(655,176) flyingGrass1 1 1.000000 0.000000 4
(655,176) flyingGrass1 1 1.000000 0.000000 1
(771,489) grassMiddle 1 1.000000 0.000000 4
(771,489) grassMiddle 1 1.000000 0.000000 4
(774,458) tree1 0 0.700000 0.000000 3
(783,176) flyingGrass2 1 1.000000 0.000000 1
(783,176) flyingGrass2 1 1.000000 0.000000 3
(899,489) grassRight 1 1.000000 0.000000 3
(899,489) grassRight 1 1.000000 0.000000 0
(911,176) flyingGrass3 1 1.000000 0.000000 0
(911,176) flyingGrass3 1 1.000000 0.000000 0
(1004,511) water1 0 1.000000 0.000000 3
(1004,511) water1 0 1.000000 0.000000 3
(1115,482) stone 1 1.000000 0.000000 3
(1115,482) stone 1 1.000000 0.000000 1
(1132,511) water1 0 1.000000 0.000000 3
(1132,511) water1 0 1.000000 0.000000 3
(1229,319) flyingGrass1 1 1.000000 0.000000 3
(1229,319) flyingGrass1 1 1.000000 0.000000 1
(1260,510) water1 0 1.000000 0.000000 3
(1260,510) water1 0 1.000000 0.000000 3
(1279,272) bush2 1 1.000000 0.000000 3
(1357,319) flyingGrass2 1 1.000000 0.000000 1
(1357,319) flyingGrass2 1 1.000000 0.000000 3
(1388,510) water1 1 1.000000 0.000000 1
(1388,510) water1 1 1.000000 0.000000 1
(1485,319) flyingGrass3 1 1.000000 0.000000 1
(1485,319) flyingGrass3 1 1.000000 0.000000 1
(1516,510) water1 1 1.000000 0.000000 1
(1516,510) water1 1 1.000000 0.000000 1